0,1.8172e-05,1.8172e-05,3.3881317890172e-21
0.07,8.47851931467107e-05,1.82349362932115e-05,6.65502568534992e-05
0.14,0.0001015501703425,1.8414218144439e-05,8.31359521980608e-05
0.21,0.000106186713385818,1.86960728589796e-05,8.74906405268382e-05
0.28,0.000107910668694761,1.90692010450898e-05,8.88414676496717e-05
0.35,0.000108969674853341,1.95239438282146e-05,8.94457310251269e-05
0.42,0.000109908196320226,2.00516885781538e-05,8.98565077420721e-05
0.49,0.000110854539872336,2.06444467682578e-05,9.02100931040778e-05
0.56,0.000111835346445261,2.1294562196948e-05,9.05407842483128e-05
0.63,0.000112852374225812,2.19945222543978e-05,9.08578519714138e-05
0.7,0.000113901220599623,2.27368530532989e-05,9.11643675463245e-05
0.77,0.000114975895935237,2.35140833924477e-05,9.14618125427891e-05
0.84,0.000116069976208305,2.43187642274052e-05,9.17512119808997e-05
0.91,0.000117176947558012,2.51435306969035e-05,9.20334168611083e-05
0.98,0.000118290371832088,2.59811936414282e-05,9.23091781906595e-05
1.05,0.000119404017136239,2.6824847579392e-05,9.25791695568473e-05
1.12,0.000120511979384046,2.76679826904788e-05,9.28439966935673e-05
1.19,0.000121608793172947,2.85045896888851e-05,9.31042034840618e-05
1.26,0.000122689525282084,2.93292485352994e-05,9.33602767467845e-05
1.33,0.000123749844960468,3.01371945482348e-05,9.36126504122333e-05
1.4,0.00012478606760707,3.09243583373182e-05,9.38617092697514e-05
1.47,0.000125795171120042,3.16873787647819e-05,9.41077923552596e-05
1.54,0.000126774786576355,3.24235905547889e-05,9.43511960215663e-05
1.61,0.00012772316673118,3.31309900079428e-05,9.45921767232372e-05
1.68,0.000128639136987726,3.38081834443103e-05,9.48309535434157e-05
1.75,0.000129522033988768,3.44543235019331e-05,9.5067710486835e-05
1.82,0.000130371636911545,3.50690383507892e-05,9.53025985607561e-05
1.89,0.000131188096048921,3.5652358385556e-05,9.55357376633647e-05
1.96,0.00013197186248892,3.62046441917141e-05,9.57672182972059e-05
2.03,0.000132723621809233,3.67265186857273e-05,9.5997103123506e-05
2.1,0.000133444233802797,3.72188054311045e-05,9.62254283716922e-05
2.17,0.000134134679430315,3.76824743132904e-05,9.64522051170243e-05
2.24,0.000134796015506086,3.81185950681173e-05,9.66774204379687e-05
2.31,0.000135429337086061,3.85282986221673e-05,9.69010384638936e-05
2.38,0.000136035747140553,3.89127458179882e-05,9.71230013225644e-05
2.45,0.0001366163328435,3.92731028474707e-05,9.73432299960292e-05
2.52,0.000137172147672689,3.96105225800556e-05,9.75616250926336e-05
2.59,0.000137704198465601,3.9926130923495e-05,9.7778067542106e-05
2.66,0.000138213436589319,4.02210173693921e-05,9.79924192199267e-05
2.73,0.000138700752438949,4.0496228932436e-05,9.8204523506513e-05
2.8,0.000139166972559931,4.07527667738599e-05,9.84142057860706e-05
2.87,0.000139612858782276,4.09915848929397e-05,9.86212738893362e-05
2.94,0.000140039108849591,4.12135903658195e-05,9.88255184837712e-05
3.01,0.000140446358116351,4.14196447022521e-05,9.90267134140992e-05
3.08,0.000140835181969514,4.16105659741192e-05,9.92246159953951e-05
3.15,0.000141206098703025,4.17871314428989e-05,9.94189672601263e-05
3.22,0.000141559572635587,4.19500804758809e-05,9.96094921597063e-05
3.29,0.000141896017313289,4.21001175932001e-05,9.97958997200888e-05
3.36,0.000142215798680112,4.22379155304092e-05,9.99778831497028e-05
3.43,0.00014251923813194,4.23641182354124e-05,0.000100155119896527
3.5,0.000142806615394556,4.24793437453788e-05,0.000100327271649177
3.57,0.000143078171184208,4.25841869098418e-05,0.000100493984274367
3.64,0.000143334109621562,4.26792219417853e-05,0.000100654887679777
3.71,0.000143574600376852,4.27650047900357e-05,0.000100809595586816
3.78,0.00014379978052603,4.28420753346488e-05,0.000100957705191381
3.85,0.000144009756094566,4.29109594129465e-05,0.00010109879668162
3.92,0.000144204603256387,4.29721706880578e-05,0.000101232432568329
3.99,0.000144384369138106,4.30262123748277e-05,0.000101358156763278
4.06,0.000144549072149282,4.3073578840284e-05,0.000101475493308998
4.13,0.000144698701709747,4.31147570979983e-05,0.000101583944611748
4.2,0.000144833217159207,4.31502282182538e-05,0.000101682988940953
4.27,0.000144952545478543,4.31804686797669e-05,0.000101772076798776
4.34,0.000145056577149494,4.3205951695224e-05,0.00010185062545427
4.41,0.000145145158835694,4.32271485549447e-05,0.000101918010280749
4.48,0.000145218080019155,4.32445300570916e-05,0.000101973549962063
4.55,0.000145275046262531,4.32585681470228e-05,0.000102016478115509
4.62,0.00014531561428534,4.32697380361943e-05,0.000102045876249146
4.69,0.000145339043796532,4.32785216498253e-05,0.000102060522146707
4.76,0.000145349931081388,4.32853990539236e-05,0.000102064532027465
4.83,0.000145356295064728,4.32907826349069e-05,0.000102065512429821
4.9,0.000145360748737377,4.32949966024773e-05,0.0001020657521349
4.97,0.000145364105644613,4.32982949026279e-05,0.000102065810741985
5.04,0.000145366701477597,4.33008764063765e-05,0.00010206582507122
5.11,0.000145368725405002,4.3302896830332e-05,0.00010206582857467
5.18,0.000145370307517677,4.33044780864252e-05,0.000102065829431252
5.25,0.000145371545252311,4.33057156116281e-05,0.000102065829640683
5.32,0.000145372513803771,4.33066841118828e-05,0.000102065829691888
5.39,0.000145373271766383,4.33074420619754e-05,0.000102065829704408
5.46,0.000145373864937442,4.33080352299733e-05,0.000102065829707469
5.53,0.000145374329145383,4.33084994371658e-05,0.000102065829708217
5.6,0.000145374692427424,4.33088627190237e-05,0.0001020658297084
5.67,0.000145374976725432,4.33091470169865e-05,0.000102065829708445
5.74,0.000145375199211281,4.33093695028248e-05,0.000102065829708456
5.81,0.000145375373323759,4.33095436153004e-05,0.000102065829708459
5.88,0.000145375509580044,4.33096798715848e-05,0.000102065829708459
5.95,0.000145375616210807,4.33097865023483e-05,0.000102065829708459
6.02,0.000145375699657276,4.33098699488172e-05,0.000102065829708459
6.09,0.000145375764960255,4.33099352517958e-05,0.000102065829708459
6.16,0.000145375816064585,4.33099863561259e-05,0.000102065829708459
6.23,0.000145375856057416,4.33100263489569e-05,0.000102065829708459
6.3,0.000145375887354682,4.33100576462228e-05,0.000102065829708459
6.37,0.000145375911847034,4.33100821385755e-05,0.000102065829708459
6.44,0.000145375931014048,4.33101013055897e-05,0.000102065829708459
6.51,0.000145375946013603,4.33101163051438e-05,0.000102065829708459
6.58,0.000145375957751821,4.33101280433617e-05,0.000102065829708459
6.65,0.000145375966937809,4.33101372293502e-05,0.000102065829708459
6.72,0.000145375974126496,4.33101444180375e-05,0.000102065829708459
6.79,0.000145375979752154,4.33101500436949e-05,0.000102065829708459
6.86,0.000145375984154629,4.331015444617e-05,0.000102065829708459
6.93,0.000145375987599877,4.33101578914184e-05,0.000102065829708459
7,0.000145375990296027,4.33101605875687e-05,0.000102065829708459
